F-Score RandomForest:0.7946530147895335
F-Score RadiusNeighbor:0.5271141448615851
F-Score GaussianNaiveBayes:0.5112817595752749
F-Score MultinominalNaiveBayes:0.5195297686765263
F-Score BernoulliNaiveBayes:0.5262609025407661
ConfusionMatrix RandomForest:
[[5443   27   15   59    4    0    5    1]
 [ 419  689    5   21    2    0    2    0]
 [ 473   11  666   11    1    0    0    0]
 [ 558   18    5  839    1    1    4    0]
 [ 191   14    2   12  313    1    0    0]
 [ 124    2    2   11    2  211    2    0]
 [  35    1    0    5    0    1   47    0]
 [  38    0    0    0    0    0    0   53]]
ConfusionMatrix RadiusNeighbor:
[[5539    0    0   13    0    0    0    0]
 [1129    1    0    6    0    0    0    0]
 [1158    1    0    3    0    0    0    0]
 [1407    0    0   19    0    0    0    0]
 [ 533    0    0    1    0    0    0    0]
 [ 350    0    0    1    0    1    0    1]
 [  88    0    0    0    0    0    0    0]
 [  91    0    0    0    0    0    0    0]]
ConfusionMatrix GaussianNaiveBayes:
[[5046   40    0  308   59   29   22    0]
 [ 921   59    0   73   51   11    0    0]
 [1080    9    0   44   15    6    4    0]
 [1128   20    0  212   32   21    4    0]
 [ 436   13    0   31   44    5    1    0]
 [ 283   10    0   24   16   13    2    0]
 [  67    1    0   12    1    4    3    0]
 [  63    6    0    9    8    0    1    3]]
ConfusionMatrix MultinominalNaiveBayes:
[[5340  121    6   70    0   16    0    0]
 [1022   85    0   28    0    2    0    0]
 [1097   45    0   19    0    1    0    0]
 [1299   65    0   52    0   10    0    1]
 [ 509   15    0    7    0    1    0    0]
 [ 326   18    0    6    0    3    0    0]
 [  83    2    0    4    0    0    0    0]
 [  84    7    0    0    0    0    0    0]]
ConfusionMatrix BernoulliNaiveBayes:
[[5547    0    0    0    0    0    0    0]
 [1133    0    0    0    0    0    0    0]
 [1161    0    0    0    0    0    0    0]
 [1425    0    0    0    0    0    0    0]
 [ 532    0    0    0    0    0    0    0]
 [ 349    0    0    0    0    0    0    0]
 [  87    0    0    0    0    0    0    0]
 [  90    0    0    0    0    0    0    0]]
